421 3590.09
552 3268.24
782 2747.34
402 3780.33
459 3500.2
578 3222.29
239 4156.52
420 3699.56
792 2716.26
632 3086.92
361 3808.44
652 3096.87
770 2769.84
241 4150.91
613 3116.62
719 2823.97
233 4164.44
439 3601.36
510 3468.7
569 3346.36
287 3947.06
147 4401.7
41 4665.07
258 4045.89
564 3248.61
431 3633.26
90 4604.47
652 3040.48
83 4582.96
90 4462.06
122 4472.23
103 4600.36
366 3860.69
363 3846.87
445 3622.38
262 4215.7
687 2915.64
399 3808.06
207 4266.42
180 4358.96
68 4646.68
543 3335.86
349 3917.47
456 3502.23
554 3255.43
258 4059.45
471 3607.82
436 3722.38
101 4453.46
66 4582.0
647 3035.33
152 4453.68
579 3380.13
255 4125.42
41 4793.21
43 4755.14
22 4774.42
31 4693.84
503 3448.87
432 3559.86
222 4205.14
14 4750.96
165 4398.83
674 3005.83
207 4299.4
108 4581.01
277 4021.38
527 3385.09
662 2965.15
267 4115.68
154 4407.82
607 3124.08
677 2997.03
283 4043.31
191 4272.4
309 3948.24
43 4747.79
494 3493.68
576 3224.79
328 3920.07
498 3520.93
381 3691.51
111 4569.3
186 4336.28
393 3817.18
368 3849.41
756 2754.42
564 3224.31
525 3409.14
548 3387.04
688 2951.01
419 3697.14
160 4449.31
670 2965.99
685 2947.18
641 3092.03
199 4278.56
666 3053.32
157 4380.88
785 2636.34
418 3632.83
495 3563.9
490 3466.6
694 2941.84
277 4117.97
278 4056.75
527 3357.68
591 3312.56
690 2933.34
793 2612.61
263 4076.5
516 3420.13
744 2749.96
430 3640.78
26 4845.43
94 4581.67
604 3178.62
68 4578.15
655 3052.59
508 3409.75
17 4766.22
476 3527.09
477 3519.08
693 2962.2
312 3922.78
16 4774.68
418 3734.84
168 4399.51
281 4020.49
469 3593.52
388 3747.08
409 3636.45
745 2810.26
493 3517.04
279 3997.6
62 4605.37
687 2916.28
684 2959.0
775 2710.93
142 4402.76
168 4395.37
631 3095.76
17 4782.17
779 2636.64
296 4061.04
277 3970.32
321 3974.45
215 4225.12
41 4656.08
708 2941.7
11 4761.02
538 3358.23
504 3379.34
217 4225.25
203 4377.0
316 3933.76
665 3009.2
638 3149.91
21 4692.06
271 4073.14
673 3042.23
126 4475.74
789 2762.91
529 3271.58
610 3178.36
422 3667.9
449 3708.8
783 2719.17
34 4690.43
679 2974.21
258 4166.85
758 2766.35
130 4509.31
376 3723.74
672 3002.07
573 3324.79
281 4032.6
115 4539.47
648 3105.61
13 4821.78
117 4478.91
115 4508.06
282 4049.7
284 4014.97
484 3444.03
732 2775.91
718 2821.38
656 3025.69
528 3371.99
102 4549.61
41 4825.22
74 4637.3
223 4198.72
381 3779.22
129 4430.08
676 2920.93
435 3676.0
4 4806.97
535 3321.8
145 4385.19
56 4632.51
174 4428.1
503 3426.27
265 4132.99
489 3509.62
683 2936.7
774 2661.15
720 2812.76
399 3814.31
288 4117.08
32 4670.63
437 3699.66
682 2966.63
620 3091.59
484 3574.34
755 2796.59
597 3217.08
748 2762.56
599 3276.87
701 2932.43
134 4444.66
695 2911.06
658 3043.35
264 4178.58
579 3294.01
491 3517.91
124 4584.05
177 4308.15
529 3351.24
509 3434.89
177 4344.81
778 2774.82
7 4792.94
7 4831.45
230 4244.6
114 4463.13
338 3930.3
654 3102.48
158 4390.2
563 3315.59
616 3145.36
697 2946.84
243 4262.19
190 4252.51
386 3737.73
687 3048.27
300 4001.98
522 3444.88
583 3223.27
397 3773.83
19 4870.91
578 3296.78
457 3537.58
785 2597.0
351 3968.21
37 4708.97
624 3100.59
635 3103.84
453 3581.04
629 3073.96
110 4584.05
697 2940.44
684 2967.24
527 3402.22
199 4353.07
158 4415.6
312 4040.45
24 4815.88
105 4526.56
679 2975.47
682 2975.93
25 4739.58
212 4268.36
245 4115.51
332 3866.58
314 3995.11
217 4171.38
273 4061.2
648 3046.92
285 4077.06
198 4314.69
162 4317.11
353 3933.48
724 2825.88
540 3329.12
763 2704.67
711 2823.9
676 3046.34
570 3286.02
662 3075.83
741 2823.86
34 4673.82
108 4580.52
734 2811.45
141 4527.7
777 2699.87
412 3717.79
203 4251.35
710 2912.27
635 3136.91
137 4442.65
378 3816.03
751 2852.3
657 3007.63
58 4776.0
626 3110.81
793 2666.66
791 2669.04
306 3965.16
672 3009.48
419 3597.1
460 3642.52
752 2741.09
357 3881.83
245 4142.7
450 3585.92
415 3619.83
507 3466.62
642 3075.01
737 2898.77
41 4717.56
203 4289.41
486 3505.56
756 2759.16
150 4441.52
47 4629.96
6 4801.11
776 2685.82
678 2979.29
478 3485.75
459 3575.85
452 3618.99
209 4243.87
489 3453.82
720 2945.7
685 3013.38
793 2674.3
14 4820.12
441 3639.09
520 3427.35
264 4049.11
673 3048.12
631 3109.08
202 4403.7
78 4587.2
265 4090.65
724 2801.0
776 2768.09
643 3152.53
268 4123.96
137 4436.43
753 2722.3
406 3714.86
449 3553.76
275 4075.45
53 4701.11
140 4389.71
436 3667.93
278 4070.54
476 3522.63
511 3541.73
758 2880.47
244 4183.85
73 4602.09
658 2983.42
643 3085.62
656 3020.16
598 3216.04
163 4251.21
410 3685.25
182 4393.56
519 3417.29
536 3479.14
146 4349.13
420 3726.07
376 3729.45
661 2985.77
145 4472.73
624 3063.51
366 3893.51
379 3830.25
568 3269.8
295 4010.7
459 3613.95
167 4331.9
57 4661.0
112 4480.94
284 4026.97
401 3732.03
792 2659.97
38 4662.38
48 4690.58
374 3857.91
250 4177.05
775 2856.82
369 3879.47
190 4408.5
668 3026.06
791 2640.42
106 4488.39
431 3665.22
622 3054.7
59 4732.62
721 2876.43
538 3397.72
353 3844.87
171 4406.29
555 3333.45
26 4809.13
195 4245.64
59 4699.72
165 4335.11
9 4791.32
270 4103.74
757 2693.49
301 4051.64
195 4368.48
424 3714.72
488 3514.22
528 3406.9
447 3661.23
42 4677.88
4 4729.74
86 4642.42
708 2846.81
187 4339.65
740 2735.63
311 4083.55
452 3589.98
670 2964.34
35 4774.33
605 3173.21
793 2636.75
218 4181.18
522 3369.33
639 3088.8
572 3312.5
697 3007.74
630 3154.65
705 2863.31
19 4730.47
503 3456.75
735 2851.7
740 2772.07
347 3927.41
547 3269.36
546 3321.42
171 4379.36
589 3201.3
398 3732.6
402 3769.92
277 4108.67
141 4329.08
206 4296.58
484 3533.06
589 3248.83
39 4700.43
278 4061.35
126 4456.88
373 3787.92
383 3795.13
107 4546.65
301 4089.5
466 3581.95
594 3280.0
94 4646.83
275 4119.59
81 4669.67
727 2791.81
637 3023.55
590 3124.25
636 3102.16
25 4792.91
100 4527.59
180 4330.11
672 2945.48
385 3789.44
528 3305.3
499 3456.36
794 2628.86
743 2786.76
119 4549.01
268 4078.73
511 3456.65
626 3148.68
70 4592.89
508 3473.05
658 3126.2
279 4063.98
437 3668.93
689 2909.64
369 3872.71
256 4182.12
237 4130.38
765 2736.35
687 3016.15
2 4850.4
712 2893.84
799 2668.54
508 3405.9